1739661287653 0.109375 0
1739661288165 0.09375 1
1739661288669 0.09375 2
1739661289183 0.109375 3
1739661289690 0.140625 4
1739661290185 0.390625 5
1739661290684 0.3125 6
1739661291182 0.484375 7
1739661291687 0.40625 8
1739661292196 0.4375 9
1739661292643 0.390625 0
1739661293155 0.5625 1
1739661293670 0.5625 2
1739661294178 0.515625 3
1739661294685 0.546875 4
1739661295188 0.640625 5
1739661295696 0.5 6
1739661296201 0.640625 7
1739661296708 0.484375 8
1739661297210 0.59375 9
1739661297403 0.546875 0
1739661297922 0.53125 1
1739661298432 0.609375 2
1739661298938 0.578125 3
1739661299450 0.625 4
1739661299952 0.625 5
1739661300441 0.59375 6
1739661300943 0.625 7
1739661301438 0.515625 8
1739661301937 0.671875 9
1739661302128 0.609375 0
1739661302637 0.5625 1
1739661303148 0.640625 2
1739661303649 0.59375 3
1739661304156 0.65625 4
1739661304660 0.6875 5
1739661305160 0.609375 6
1739661305662 0.671875 7
1739661306208 0.578125 8
1739661306715 0.75 9
1739661306909 0.609375 0
1739661307416 0.578125 1
1739661307923 0.6875 2
1739661308434 0.578125 3
1739661308943 0.671875 4
1739661309444 0.71875 5
1739661309948 0.609375 6
1739661310450 0.6875 7
1739661310955 0.625 8
1739661311457 0.75 9
1739661311649 0.65625 0
1739661312162 0.625 1
1739661312669 0.671875 2
1739661313175 0.609375 3
1739661313679 0.671875 4
1739661314188 0.703125 5
1739661314701 0.625 6
1739661315207 0.6875 7
1739661315715 0.640625 8
1739661316217 0.75 9
1739661316411 0.671875 0
1739661316917 0.609375 1
1739661317418 0.703125 2
1739661317925 0.609375 3
1739661318428 0.703125 4
1739661318930 0.71875 5
1739661319430 0.640625 6
1739661319930 0.6875 7
1739661320430 0.640625 8
1739661320934 0.75 9
1739661321126 0.671875 0
1739661321633 0.625 1
1739661322136 0.75 2
1739661322634 0.65625 3
1739661323136 0.71875 4
1739661323633 0.71875 5
1739661324139 0.65625 6
1739661324648 0.703125 7
1739661325146 0.6875 8
1739661325647 0.78125 9
1739661325844 0.671875 0
1739661326349 0.65625 1
1739661326853 0.765625 2
1739661327399 0.65625 3
1739661327900 0.703125 4
1739661328399 0.71875 5
1739661328928 0.671875 6
1739661329430 0.71875 7
1739661329931 0.703125 8
1739661330425 0.78125 9
1739661330618 0.75 0
1739661331124 0.671875 1
1739661331629 0.8125 2
1739661332134 0.671875 3
1739661332635 0.71875 4
1739661333135 0.71875 5
1739661333634 0.6875 6
1739661334160 0.75 7
1739661334675 0.71875 8
1739661335189 0.78125 9
1739661335389 0.765625 0
1739661335919 0.703125 1
1739661336477 0.8125 2
1739661336994 0.6875 3
1739661337509 0.734375 4
1739661338020 0.75 5
1739661338517 0.6875 6
1739661339017 0.75 7
1739661339527 0.71875 8
1739661340079 0.796875 9
1739661340416 0.78125 0
1739661340985 0.703125 1
1739661341610 0.8125 2
1739661342150 0.6875 3
1739661342660 0.734375 4
1739661343192 0.734375 5
1739661343742 0.703125 6
1739661344243 0.765625 7
1739661344733 0.71875 8
1739661345262 0.796875 9
1739661345470 0.78125 0
1739661346017 0.734375 1
1739661346656 0.828125 2
1739661347192 0.671875 3
1739661347716 0.734375 4
1739661348211 0.765625 5
1739661348777 0.703125 6
1739661349272 0.78125 7
1739661349833 0.703125 8
1739661350338 0.78125 9
1739661350556 0.84375 0
1739661351089 0.75 1
1739661351593 0.8125 2
1739661352085 0.671875 3
1739661352592 0.734375 4
1739661353104 0.765625 5
1739661353611 0.71875 6
1739661354112 0.78125 7
1739661354639 0.734375 8
1739661355137 0.78125 9
1739661355323 0.84375 0
1739661355824 0.75 1
1739661356323 0.8125 2
1739661356852 0.6875 3
1739661357375 0.734375 4
1739661357939 0.765625 5
1739661358497 0.75 6
1739661359017 0.78125 7
1739661359514 0.75 8
1739661360042 0.78125 9
1739661360230 0.84375 0
1739661360722 0.75 1
1739661361375 0.8125 2
1739661361897 0.6875 3
1739661362400 0.71875 4
1739661362900 0.765625 5
1739661363401 0.75 6
1739661363907 0.8125 7
1739661364415 0.734375 8
1739661364964 0.765625 9
1739661365162 0.84375 0
1739661365669 0.75 1
1739661366169 0.8125 2
1739661366663 0.6875 3
1739661367165 0.734375 4
1739661367663 0.765625 5
1739661368163 0.765625 6
1739661368662 0.828125 7
1739661369162 0.734375 8
1739661369664 0.765625 9
1739661369854 0.875 0
1739661370356 0.75 1
1739661370854 0.8125 2
1739661371349 0.6875 3
1739661371849 0.734375 4
1739661372349 0.765625 5
1739661372856 0.75 6
1739661373384 0.828125 7
1739661373894 0.75 8
1739661374415 0.78125 9
1739661374668 0.875 0
1739661375187 0.765625 1
1739661375690 0.828125 2
1739661376187 0.6875 3
1739661376697 0.734375 4
1739661377204 0.765625 5
1739661377711 0.78125 6
1739661378272 0.828125 7
1739661378968 0.734375 8
1739661379663 0.78125 9
1739661379975 0.875 0
1739661380616 0.765625 1
1739661381225 0.828125 2
1739661381775 0.6875 3
1739661382278 0.734375 4
1739661382780 0.765625 5
1739661383280 0.796875 6
1739661383792 0.828125 7
1739661384295 0.734375 8
1739661384807 0.765625 9
1739661385005 0.875 0
1739661385516 0.796875 1
1739661386024 0.8125 2
1739661386534 0.6875 3
1739661387049 0.734375 4
1739661387555 0.765625 5
1739661388096 0.796875 6
1739661388659 0.828125 7
1739661389183 0.734375 8
1739661389689 0.765625 9
1739661389891 0.875 0
1739661390400 0.796875 1
1739661390916 0.8125 2
1739661391415 0.703125 3
1739661391918 0.75 4
1739661392418 0.765625 5
1739661392922 0.8125 6
1739661393428 0.828125 7
1739661393934 0.75 8
1739661394437 0.765625 9
1739661394632 0.875 0
1739661395146 0.796875 1
1739661395647 0.828125 2
1739661396157 0.703125 3
1739661396664 0.75 4
1739661397173 0.765625 5
1739661397675 0.796875 6
1739661398182 0.828125 7
1739661398700 0.75 8
1739661399202 0.78125 9
1739661399393 0.859375 0
1739661399942 0.796875 1
1739661400444 0.828125 2
1739661401032 0.703125 3
1739661401587 0.75 4
1739661402083 0.765625 5
1739661402582 0.796875 6
1739661403075 0.8125 7
1739661403576 0.75 8
1739661404100 0.765625 9
1739661404309 0.859375 0
1739661404872 0.796875 1
1739661405412 0.84375 2
1739661405937 0.703125 3
1739661406512 0.765625 4
1739661407058 0.765625 5
1739661407558 0.796875 6
1739661408044 0.8125 7
1739661408531 0.75 8
1739661409028 0.765625 9
1739661409218 0.859375 0
1739661409715 0.796875 1
1739661410216 0.84375 2
1739661410765 0.703125 3
1739661411277 0.765625 4
1739661411797 0.78125 5
1739661412310 0.796875 6
1739661412821 0.8125 7
1739661413335 0.765625 8
1739661413849 0.78125 9
1739661414058 0.859375 0
1739661414568 0.8125 1
1739661415082 0.84375 2
1739661415589 0.6875 3
1739661416107 0.75 4
1739661416624 0.78125 5
1739661417136 0.796875 6
1739661417688 0.796875 7
1739661418193 0.765625 8
1739661418711 0.78125 9
1739661418903 0.859375 0
1739661419402 0.8125 1
1739661419919 0.84375 2
1739661420416 0.6875 3
1739661420934 0.75 4
1739661421434 0.78125 5
1739661421937 0.796875 6
1739661422438 0.796875 7
1739661422959 0.765625 8
1739661423457 0.78125 9
1739661423652 0.859375 0
1739661424144 0.8125 1
1739661424628 0.859375 2
1739661425134 0.703125 3
1739661425626 0.75 4
1739661426148 0.78125 5
1739661426648 0.796875 6
1739661427165 0.796875 7
1739661427659 0.765625 8
1739661428189 0.78125 9
1739661428379 0.859375 0
1739661428903 0.796875 1
1739661429405 0.859375 2
1739661429929 0.703125 3
1739661430432 0.75 4
1739661430945 0.765625 5
1739661431441 0.796875 6
1739661431958 0.796875 7
1739661432461 0.765625 8
1739661432988 0.796875 9
1739661433179 0.859375 0
1739661433717 0.796875 1
1739661434243 0.859375 2
1739661434745 0.71875 3
1739661435278 0.75 4
1739661435785 0.75 5
1739661436351 0.8125 6
1739661436969 0.796875 7
1739661437477 0.765625 8
1739661438005 0.796875 9
1739661438215 0.859375 0
1739661438739 0.796875 1
1739661439275 0.875 2
1739661439800 0.71875 3
1739661440316 0.75 4
1739661440830 0.75 5
1739661441337 0.8125 6
1739661441855 0.796875 7
1739661442357 0.75 8
1739661442870 0.8125 9
1739661443066 0.859375 0
1739661443570 0.796875 1
1739661444120 0.875 2
1739661444627 0.71875 3
1739661445148 0.75 4
1739661445668 0.75 5
1739661446188 0.8125 6
1739661446702 0.796875 7
1739661447220 0.75 8
1739661447727 0.828125 9
1739661447937 0.890625 0
1739661448442 0.796875 1
1739661448959 0.875 2
1739661449468 0.71875 3
1739661449986 0.75 4
1739661450485 0.75 5
1739661450993 0.8125 6
1739661451495 0.796875 7
1739661452010 0.75 8
1739661452534 0.828125 9
1739661452789 0.890625 0
1739661453383 0.796875 1
1739661453876 0.875 2
1739661454381 0.71875 3
1739661454881 0.75 4
1739661455395 0.75 5
1739661455945 0.828125 6
1739661456445 0.78125 7
1739661456952 0.75 8
1739661457449 0.8125 9
1739661457639 0.890625 0
1739661458159 0.796875 1
1739661458655 0.875 2
1739661459173 0.703125 3
1739661459670 0.75 4
1739661460192 0.75 5
1739661460688 0.828125 6
1739661461199 0.78125 7
1739661461694 0.75 8
1739661462203 0.796875 9
1739661462393 0.890625 0
1739661462917 0.8125 1
1739661463423 0.875 2
1739661463922 0.734375 3
1739661464432 0.75 4
1739661464934 0.765625 5
1739661465445 0.828125 6
1739661465954 0.78125 7
1739661466471 0.75 8
1739661466972 0.796875 9
1739661467169 0.890625 0
1739661467667 0.8125 1
1739661468186 0.875 2
1739661468682 0.734375 3
1739661469193 0.75 4
1739661469691 0.765625 5
1739661470199 0.828125 6
1739661470735 0.78125 7
1739661471255 0.75 8
1739661471750 0.8125 9
1739661471959 0.890625 0
1739661472470 0.8125 1
1739661472972 0.890625 2
1739661473482 0.734375 3
1739661473997 0.75 4
1739661474506 0.765625 5
1739661475008 0.828125 6
1739661475521 0.796875 7
1739661476032 0.75 8
1739661476556 0.8125 9
1739661476746 0.890625 0
1739661477273 0.8125 1
1739661477772 0.890625 2
1739661478345 0.75 3
1739661478902 0.75 4
1739661479424 0.765625 5
1739661479939 0.828125 6
1739661480458 0.796875 7
1739661480977 0.75 8
1739661481495 0.8125 9
1739661481698 0.890625 0
1739661482217 0.8125 1
1739661482753 0.890625 2
1739661483280 0.75 3
1739661483787 0.78125 4
1739661484310 0.765625 5
1739661484820 0.828125 6
1739661485334 0.796875 7
1739661485840 0.75 8
1739661486357 0.8125 9
1739661486555 0.890625 0
1739661487066 0.8125 1
1739661487574 0.890625 2
1739661488087 0.75 3
1739661488595 0.78125 4
1739661489108 0.765625 5
1739661489646 0.828125 6
1739661490164 0.796875 7
1739661490687 0.75 8
1739661491210 0.8125 9
1739661491419 0.890625 0
1739661491933 0.8125 1
1739661492445 0.890625 2
1739661492963 0.75 3
1739661493552 0.765625 4
1739661494064 0.78125 5
1739661494576 0.84375 6
1739661495092 0.796875 7
1739661495595 0.75 8
1739661496116 0.8125 9
1739661496309 0.890625 0
1739661496831 0.8125 1
1739661497339 0.890625 2
1739661497866 0.765625 3
1739661498368 0.765625 4
1739661498893 0.78125 5
1739661499390 0.84375 6
1739661499898 0.796875 7
1739661500408 0.75 8
1739661500936 0.8125 9
1739661501139 0.890625 0
1739661501657 0.8125 1
1739661502188 0.890625 2
1739661502698 0.765625 3
1739661503214 0.765625 4
1739661503738 0.78125 5
1739661504259 0.84375 6
1739661504777 0.796875 7
1739661505288 0.75 8
1739661505807 0.8125 9
1739661506012 0.890625 0
1739661506523 0.8125 1
1739661507103 0.890625 2
1739661507615 0.78125 3
1739661508124 0.78125 4
1739661508628 0.78125 5
1739661509144 0.859375 6
1739661509655 0.796875 7
1739661510172 0.75 8
1739661510703 0.8125 9
1739661510919 0.890625 0
1739661511433 0.8125 1
1739661511970 0.890625 2
1739661512557 0.78125 3
1739661513087 0.78125 4
1739661513590 0.78125 5
1739661514106 0.859375 6
1739661514608 0.796875 7
1739661515131 0.765625 8
1739661515647 0.8125 9
1739661515867 0.890625 0
1739661516372 0.8125 1
1739661516891 0.890625 2
1739661517391 0.765625 3
1739661517912 0.78125 4
1739661518417 0.78125 5
1739661518934 0.859375 6
1739661519435 0.796875 7
1739661519959 0.765625 8
1739661520463 0.828125 9
1739661520658 0.890625 0
1739661521174 0.8125 1
1739661521681 0.90625 2
1739661522184 0.765625 3
1739661522690 0.78125 4
1739661523210 0.796875 5
1739661523720 0.859375 6
1739661524239 0.796875 7
1739661524780 0.765625 8
1739661525292 0.828125 9
1739661525485 0.890625 0
1739661526008 0.8125 1
1739661526510 0.90625 2
1739661527028 0.75 3
1739661527531 0.796875 4
1739661528045 0.796875 5
1739661528551 0.859375 6
1739661529078 0.796875 7
1739661529589 0.765625 8
1739661530112 0.828125 9
