1739661287652 2.297716 0
1739661288164 2.28219 1
1739661288669 2.269377 2
1739661289182 2.265323 3
1739661289689 2.246578 4
1739661290184 2.213761 5
1739661290683 2.217058 6
1739661291181 2.183432 7
1739661291686 2.182614 8
1739661292195 2.151694 9
1739661292642 2.156286 0
1739661293154 2.143054 1
1739661293669 2.088518 2
1739661294177 2.103462 3
1739661294684 2.053971 4
1739661295187 1.985863 5
1739661295695 2.01013 6
1739661296200 1.934582 7
1739661296707 1.935931 8
1739661297209 1.857577 9
1739661297402 1.903214 0
1739661297921 1.865736 1
1739661298431 1.754234 2
1739661298937 1.78734 3
1739661299449 1.685277 4
1739661299951 1.631672 5
1739661300439 1.648274 6
1739661300942 1.566208 7
1739661301437 1.580374 8
1739661301936 1.471071 9
1739661302127 1.575478 0
1739661302636 1.533229 1
1739661303147 1.396584 2
1739661303648 1.457188 3
1739661304155 1.352381 4
1739661304659 1.341844 5
1739661305159 1.353676 6
1739661305661 1.295471 7
1739661306207 1.31636 8
1739661306714 1.218368 9
1739661306908 1.332727 0
1739661307415 1.303657 1
1739661307922 1.153652 2
1739661308433 1.246953 3
1739661308942 1.135656 4
1739661309443 1.150939 5
1739661309947 1.171653 6
1739661310449 1.123739 7
1739661310954 1.149352 8
1739661311457 1.066057 9
1739661311648 1.167357 0
1739661312161 1.155669 1
1739661312669 0.990537 2
1739661313174 1.111294 3
1739661313678 0.998117 4
1739661314187 1.017936 5
1739661314700 1.05422 6
1739661315206 1.010791 7
1739661315714 1.036932 8
1739661316216 0.966651 9
1739661316410 1.048418 0
1739661316916 1.057012 1
1739661317417 0.876052 2
1739661317924 1.018791 3
1739661318427 0.908848 4
1739661318929 0.922221 5
1739661319429 0.974897 6
1739661319929 0.935427 7
1739661320429 0.957141 8
1739661320933 0.898497 9
1739661321125 0.958911 0
1739661321632 0.987452 1
1739661322135 0.792913 2
1739661322633 0.952436 3
1739661323135 0.848044 4
1739661323633 0.851491 5
1739661324138 0.918326 6
1739661324647 0.883875 7
1739661325145 0.898519 8
1739661325646 0.84851 9
1739661325843 0.888938 0
1739661326348 0.934781 1
1739661326852 0.730045 2
1739661327398 0.90298 3
1739661327899 0.804144 4
1739661328398 0.79832 5
1739661328927 0.875157 6
1739661329429 0.84746 7
1739661329930 0.854206 8
1739661330424 0.809866 9
1739661330617 0.832557 0
1739661331123 0.892187 1
1739661331628 0.68096 2
1739661332133 0.864887 3
1739661332635 0.770458 4
1739661333134 0.757173 5
1739661333633 0.839896 6
1739661334159 0.820125 7
1739661334674 0.819395 8
1739661335188 0.778683 9
1739661335388 0.785561 0
1739661335918 0.856066 1
1739661336476 0.641136 2
1739661336993 0.834664 3
1739661337508 0.743464 4
1739661338019 0.724885 5
1739661338516 0.809675 6
1739661339016 0.798445 7
1739661339525 0.79113 8
1739661340078 0.752541 9
1739661340387 0.745584 0
1739661340984 0.824427 1
1739661341609 0.608072 2
1739661342149 0.809793 3
1739661342660 0.721033 4
1739661343191 0.699021 5
1739661343741 0.782913 6
1739661344242 0.780356 7
1739661344732 0.767512 8
1739661345261 0.72974 9
1739661345469 0.710982 0
1739661346016 0.795957 1
1739661346655 0.580118 2
1739661347191 0.788868 3
1739661347716 0.701587 4
1739661348210 0.677628 5
1739661348776 0.758728 6
1739661349271 0.764745 7
1739661349832 0.747359 8
1739661350337 0.70952 9
1739661350555 0.680494 0
1739661351088 0.770199 1
1739661351592 0.55591 2
1739661352084 0.770821 3
1739661352591 0.684496 4
1739661353103 0.659594 5
1739661353610 0.736553 6
1739661354111 0.750923 7
1739661354638 0.729814 8
1739661355136 0.691351 9
1739661355322 0.653393 0
1739661355823 0.746713 1
1739661356322 0.534723 2
1739661356850 0.754806 3
1739661357374 0.669439 4
1739661357938 0.644253 5
1739661358496 0.716029 6
1739661359016 0.738568 7
1739661359513 0.714536 8
1739661360041 0.674862 9
1739661360229 0.629315 0
1739661360722 0.725476 1
1739661361374 0.516062 2
1739661361896 0.740305 3
1739661362399 0.656198 4
1739661362899 0.630915 5
1739661363400 0.697018 6
1739661363906 0.727473 7
1739661364414 0.701275 8
1739661364963 0.659729 9
1739661365161 0.607826 0
1739661365668 0.706117 1
1739661366168 0.499523 2
1739661366662 0.727055 3
1739661367164 0.644472 4
1739661367662 0.619283 5
1739661368163 0.67948 6
1739661368662 0.717638 7
1739661369161 0.689842 8
1739661369663 0.64585 9
1739661369853 0.588582 0
1739661370355 0.688511 1
1739661370853 0.484815 2
1739661371348 0.714789 3
1739661371848 0.633969 4
1739661372347 0.609015 5
1739661372856 0.663326 6
1739661373383 0.708954 7
1739661373893 0.680081 8
1739661374414 0.633028 9
1739661374667 0.571267 0
1739661375187 0.672459 1
1739661375689 0.471559 2
1739661376186 0.70337 3
1739661376697 0.624499 4
1739661377203 0.599918 5
1739661377710 0.648445 6
1739661378271 0.701423 7
1739661378967 0.671712 8
1739661379662 0.621031 9
1739661379974 0.5555 0
1739661380615 0.657762 1
1739661381224 0.459568 2
1739661381774 0.692655 3
1739661382277 0.615865 4
1739661382779 0.591805 5
1739661383280 0.634761 6
1739661383791 0.694981 7
1739661384295 0.664462 8
1739661384806 0.609831 9
1739661385003 0.541161 0
1739661385515 0.644295 1
1739661386023 0.448681 2
1739661386533 0.682655 3
1739661387048 0.607928 4
1739661387554 0.584512 5
1739661388095 0.622146 6
1739661388658 0.689548 7
1739661389182 0.658349 8
1739661389688 0.599276 9
1739661389890 0.528067 0
1739661390400 0.631903 1
1739661390915 0.43875 2
1739661391414 0.673193 3
1739661391917 0.600555 4
1739661392417 0.577841 5
1739661392921 0.610582 6
1739661393427 0.685126 7
1739661393933 0.653297 8
1739661394436 0.589253 9
1739661394631 0.516017 0
1739661395145 0.620508 1
1739661395646 0.429618 2
1739661396156 0.664222 3
1739661396663 0.593556 4
1739661397172 0.571752 5
1739661397674 0.599961 6
1739661398181 0.681568 7
1739661398699 0.649026 8
1739661399201 0.579668 9
1739661399392 0.504857 0
1739661399941 0.609972 1
1739661400443 0.421195 2
1739661401031 0.655722 3
1739661401587 0.586853 4
1739661402082 0.566177 5
1739661402581 0.590176 6
1739661403074 0.678779 7
1739661403575 0.645369 8
1739661404100 0.570451 9
1739661404308 0.494485 0
1739661404871 0.60019 1
1739661405411 0.413404 2
1739661405936 0.647576 3
1739661406511 0.580353 4
1739661407057 0.560924 5
1739661407557 0.58122 6
1739661408043 0.676683 7
1739661408530 0.642238 8
1739661409027 0.561638 9
1739661409217 0.484755 0
1739661409714 0.591097 1
1739661410216 0.40612 2
1739661410764 0.639774 3
1739661411276 0.574044 4
1739661411796 0.555962 5
1739661412309 0.572978 6
1739661412820 0.675254 7
1739661413334 0.639539 8
1739661413848 0.553134 9
1739661414057 0.475647 0
1739661414567 0.582694 1
1739661415081 0.399318 2
1739661415588 0.632338 3
1739661416106 0.567874 4
1739661416623 0.551172 5
1739661417135 0.565371 6
1739661417687 0.674418 7
1739661418192 0.637225 8
1739661418710 0.544935 9
1739661418902 0.46705 0
1739661419401 0.574893 1
1739661419918 0.392965 2
1739661420415 0.625212 3
1739661420933 0.561793 4
1739661421433 0.546551 5
1739661421936 0.558359 6
1739661422437 0.67393 7
1739661422958 0.635119 8
1739661423457 0.536924 9
1739661423651 0.458892 0
1739661424143 0.56769 1
1739661424627 0.386977 2
1739661425133 0.618384 3
1739661425625 0.555835 4
1739661426147 0.542037 5
1739661426647 0.551935 6
1739661427164 0.673851 7
1739661427658 0.633185 8
1739661428188 0.529114 9
1739661428379 0.451153 0
1739661428902 0.561029 1
1739661429404 0.381399 2
1739661429928 0.611907 3
1739661430431 0.549999 4
1739661430944 0.537624 5
1739661431440 0.546045 6
1739661431957 0.674119 7
1739661432460 0.631353 8
1739661432987 0.521479 9
1739661433178 0.443832 0
1739661433716 0.554882 1
1739661434242 0.376127 2
1739661434744 0.605706 3
1739661435277 0.54425 4
1739661435784 0.533279 5
1739661436350 0.540612 6
1739661436968 0.674537 7
1739661437476 0.62966 8
1739661438004 0.514108 9
1739661438214 0.43689 0
1739661438738 0.549209 1
1739661439275 0.371142 2
1739661439799 0.599796 3
1739661440315 0.538615 4
1739661440829 0.529033 5
1739661441336 0.535579 6
1739661441854 0.675058 7
1739661442356 0.628012 8
1739661442869 0.506965 9
1739661443065 0.430275 0
1739661443569 0.543931 1
1739661444119 0.366478 2
1739661444623 0.594142 3
1739661445147 0.5331 4
1739661445667 0.524887 5
1739661446187 0.530896 6
1739661446701 0.675663 7
1739661447219 0.626409 8
1739661447726 0.500063 9
1739661447936 0.42394 0
1739661448441 0.53904 1
1739661448958 0.36209 2
1739661449467 0.588708 3
1739661449985 0.527732 4
1739661450484 0.520758 5
1739661450992 0.52654 6
1739661451494 0.676237 7
1739661452009 0.62484 8
1739661452530 0.493452 9
1739661452787 0.417854 0
1739661453382 0.534493 1
1739661453875 0.357972 2
1739661454380 0.583509 3
1739661454880 0.522501 4
1739661455395 0.516722 5
1739661455944 0.522484 6
1739661456444 0.676815 7
1739661456951 0.623283 8
1739661457448 0.487069 9
1739661457638 0.411992 0
1739661458158 0.530271 1
1739661458654 0.354078 2
1739661459172 0.578507 3
1739661459669 0.517419 4
1739661460191 0.512786 5
1739661460687 0.518691 6
1739661461198 0.677335 7
1739661461693 0.621695 8
1739661462202 0.480987 9
1739661462392 0.40638 0
1739661462916 0.526353 1
1739661463422 0.350365 2
1739661463921 0.573697 3
1739661464431 0.512509 4
1739661464933 0.508915 5
1739661465444 0.515156 6
1739661465953 0.677747 7
1739661466470 0.620049 8
1739661466971 0.475185 9
1739661467168 0.400983 0
1739661467666 0.522684 1
1739661468184 0.346842 2
1739661468681 0.569043 3
1739661469192 0.507763 4
1739661469690 0.505144 5
1739661470199 0.511811 6
1739661470734 0.678081 7
1739661471254 0.618361 8
1739661471749 0.46966 9
1739661471958 0.395788 0
1739661472469 0.519222 1
1739661472971 0.3435 2
1739661473481 0.564566 3
1739661473996 0.503091 4
1739661474505 0.501467 5
1739661475007 0.50867 6
1739661475520 0.67827 7
1739661476031 0.616664 8
1739661476555 0.464369 9
1739661476746 0.390787 0
1739661477272 0.515982 1
1739661477772 0.340296 2
1739661478344 0.560281 3
1739661478901 0.498616 4
1739661479423 0.49784 5
1739661479938 0.505678 6
1739661480457 0.678298 7
1739661480976 0.614973 8
1739661481494 0.459374 9
1739661481697 0.385946 0
1739661482216 0.512957 1
1739661482752 0.337231 2
1739661483279 0.556124 3
1739661483787 0.494246 4
1739661484309 0.494355 5
1739661484819 0.502839 6
1739661485333 0.678218 7
1739661485839 0.613275 8
1739661486356 0.454629 9
1739661486554 0.381266 0
1739661487065 0.51009 1
1739661487573 0.334314 2
1739661488086 0.552155 3
1739661488594 0.490023 4
1739661489107 0.490952 5
1739661489645 0.500155 6
1739661490163 0.677999 7
1739661490686 0.61158 8
1739661491209 0.4501 9
1739661491418 0.37674 0
1739661491932 0.507382 1
1739661492444 0.33153 2
1739661492962 0.548349 3
1739661493551 0.485976 4
1739661494063 0.487719 5
1739661494575 0.49761 6
1739661495091 0.677644 7
1739661495594 0.609828 8
1739661496115 0.445809 9
1739661496308 0.372369 0
1739661496830 0.504808 1
1739661497338 0.328834 2
1739661497865 0.544693 3
1739661498367 0.48207 4
1739661498892 0.48458 5
1739661499389 0.495169 6
1739661499898 0.67705 7
1739661500407 0.608024 8
1739661500936 0.441763 9
1739661501138 0.368145 0
1739661501656 0.502336 1
1739661502187 0.326263 2
1739661502697 0.541181 3
1739661503213 0.478253 4
1739661503737 0.481563 5
1739661504258 0.492811 6
1739661504776 0.676298 7
1739661505287 0.606236 8
1739661505806 0.437919 9
1739661506012 0.364075 0
1739661506522 0.499984 1
1739661507102 0.323812 2
1739661507614 0.53784 3
1739661508123 0.474583 4
1739661508627 0.478676 5
1739661509143 0.490522 6
1739661509654 0.675439 7
1739661510172 0.604448 8
1739661510702 0.434313 9
1739661510918 0.360144 0
1739661511432 0.49775 1
1739661511968 0.321504 2
1739661512556 0.534636 3
1739661513085 0.471016 4
1739661513589 0.475866 5
1739661514105 0.488331 6
1739661514607 0.674457 7
1739661515130 0.60262 8
1739661515646 0.430859 9
1739661515866 0.356328 0
1739661516371 0.495613 1
1739661516890 0.319252 2
1739661517390 0.531573 3
1739661517911 0.467571 4
1739661518416 0.473173 5
1739661518933 0.486223 6
1739661519434 0.67337 7
1739661519958 0.600753 8
1739661520462 0.427633 9
1739661520654 0.35262 0
1739661521173 0.493517 1
1739661521680 0.317066 2
1739661522183 0.528634 3
1739661522689 0.464245 4
1739661523209 0.470579 5
1739661523719 0.484246 6
1739661524238 0.672143 7
1739661524779 0.598877 8
1739661525291 0.424561 9
1739661525484 0.349049 0
1739661526007 0.491479 1
1739661526509 0.314939 2
1739661527027 0.525824 3
1739661527530 0.460993 4
1739661528044 0.468099 5
1739661528550 0.482292 6
1739661529077 0.670839 7
1739661529588 0.597034 8
1739661530111 0.421672 9
