1739661673789 0.046875 0
1739661674322 0.203125 1
1739661674835 0.171875 2
1739661675355 0.203125 3
1739661675885 0.140625 4
1739661676403 0.1875 5
1739661676929 0.171875 6
1739661677453 0.34375 7
1739661678017 0.390625 8
1739661678535 0.4375 9
1739661678789 0.359375 0
1739661679314 0.515625 1
1739661679850 0.578125 2
1739661680359 0.546875 3
1739661680888 0.53125 4
1739661681399 0.59375 5
1739661681924 0.5 6
1739661682433 0.53125 7
1739661682956 0.5 8
1739661683459 0.5625 9
1739661683657 0.484375 0
1739661684190 0.59375 1
1739661684704 0.609375 2
1739661685224 0.546875 3
1739661685732 0.609375 4
1739661686266 0.671875 5
1739661686782 0.578125 6
1739661687300 0.625 7
1739661687808 0.5625 8
1739661688332 0.671875 9
1739661688538 0.625 0
1739661689098 0.5625 1
1739661689619 0.703125 2
1739661690149 0.5625 3
1739661690651 0.65625 4
1739661691165 0.6875 5
1739661691682 0.65625 6
1739661692214 0.65625 7
1739661692716 0.546875 8
1739661693235 0.75 9
1739661693443 0.65625 0
1739661693985 0.546875 1
1739661694499 0.703125 2
1739661695021 0.59375 3
1739661695528 0.6875 4
1739661696052 0.71875 5
1739661696557 0.640625 6
1739661697066 0.6875 7
1739661697579 0.59375 8
1739661698106 0.75 9
