1739661673788 2.308875 0
1739661674321 2.28984 1
1739661674834 2.268764 2
1739661675354 2.264037 3
1739661675884 2.258511 4
1739661676402 2.237265 5
1739661676928 2.243006 6
1739661677452 2.216274 7
1739661678016 2.216699 8
1739661678534 2.185087 9
1739661678788 2.185757 0
1739661679313 2.172273 1
1739661679849 2.121297 2
1739661680358 2.143361 3
1739661680887 2.099772 4
1739661681398 2.049053 5
1739661681924 2.081337 6
1739661682432 2.006041 7
1739661682955 2.020217 8
1739661683458 1.95668 9
1739661683656 1.962979 0
1739661684189 1.938151 1
1739661684703 1.830456 2
1739661685224 1.880922 3
1739661685731 1.767479 4
1739661686266 1.714583 5
1739661686781 1.742129 6
1739661687299 1.633202 7
1739661687808 1.662411 8
1739661688331 1.562307 9
1739661688537 1.616789 0
1739661689097 1.587575 1
1739661689618 1.439971 2
1739661690148 1.522506 3
1739661690650 1.38923 4
1739661691164 1.381397 5
1739661691681 1.392613 6
1739661692213 1.312262 7
1739661692715 1.354391 8
1739661693234 1.251578 9
1739661693442 1.340169 0
1739661693984 1.328639 1
1739661694498 1.163138 2
1739661695020 1.276984 3
1739661695528 1.141901 4
1739661696051 1.166335 5
1739661696556 1.180799 6
1739661697065 1.118586 7
1739661697578 1.166376 8
1739661698105 1.077196 9
